17798
lang=Francais
mastervolume=0.97
musicvolume=0.539216
effectsvolume=0.133053
